(kicad_pcb (version 20171130) (host pcbnew 5.1.9-73d0e3b20d~88~ubuntu20.04.1)

  (general
    (thickness 1.6)
    (drawings 0)
    (tracks 780)
    (zones 0)
    (modules 51)
    (nets 78)
  )

  (page A4)
  (layers
    (0 F.Cu signal)
    (1 In1.Cu power)
    (2 In2.Cu power)
    (31 B.Cu signal)
    (32 B.Adhes user)
    (33 F.Adhes user)
    (34 B.Paste user)
    (35 F.Paste user)
    (36 B.SilkS user)
    (37 F.SilkS user)
    (38 B.Mask user)
    (39 F.Mask user)
    (40 Dwgs.User user)
    (41 Cmts.User user)
    (42 Eco1.User user)
    (43 Eco2.User user)
    (44 Edge.Cuts user)
    (45 Margin user)
    (46 B.CrtYd user)
    (47 F.CrtYd user)
    (48 B.Fab user hide)
    (49 F.Fab user hide)
  )

  (setup
    (last_trace_width 0.2)
    (user_trace_width 0.2)
    (trace_clearance 0.13)
    (zone_clearance 0.14)
    (zone_45_only no)
    (trace_min 0.1)
    (via_size 0.4)
    (via_drill 0.3)
    (via_min_size 0.4)
    (via_min_drill 0.3)
    (uvia_size 0.3)
    (uvia_drill 0.1)
    (uvias_allowed no)
    (uvia_min_size 0.2)
    (uvia_min_drill 0.1)
    (edge_width 0.05)
    (segment_width 0.2)
    (pcb_text_width 0.3)
    (pcb_text_size 1.5 1.5)
    (mod_edge_width 0.12)
    (mod_text_size 1 1)
    (mod_text_width 0.15)
    (pad_size 1.524 1.524)
    (pad_drill 0.762)
    (pad_to_mask_clearance 0)
    (aux_axis_origin 0 0)
    (visible_elements FFFFE77F)
    (pcbplotparams
      (layerselection 0x010fc_ffffffff)
      (usegerberextensions false)
      (usegerberattributes true)
      (usegerberadvancedattributes true)
      (creategerberjobfile true)
      (excludeedgelayer true)
      (linewidth 0.100000)
      (plotframeref false)
      (viasonmask false)
      (mode 1)
      (useauxorigin false)
      (hpglpennumber 1)
      (hpglpenspeed 20)
      (hpglpendiameter 15.000000)
      (psnegative false)
      (psa4output false)
      (plotreference true)
      (plotvalue true)
      (plotinvisibletext false)
      (padsonsilk false)
      (subtractmaskfromsilk false)
      (outputformat 1)
      (mirror false)
      (drillshape 1)
      (scaleselection 1)
      (outputdirectory ""))
  )

  (net 0 "")
  (net 1 "Net-(C1-Pad1)")
  (net 2 "Net-(C1-Pad2)")
  (net 3 GND)
  (net 4 +5V)
  (net 5 +3V3)
  (net 6 "Net-(C4-Pad1)")
  (net 7 "Net-(D1-Pad1)")
  (net 8 "Net-(D1-Pad2)")
  (net 9 "Net-(D2-Pad2)")
  (net 10 "Net-(D3-Pad2)")
  (net 11 "Net-(D4-Pad2)")
  (net 12 "/Power Switching and Supplies/VBUS_1")
  (net 13 "/Power Switching and Supplies/VBUS_2")
  (net 14 "/Power Switching and Supplies/VBUS")
  (net 15 GNDS)
  (net 16 "/USB 2.0 and Misc Signal Switching/CC1_1")
  (net 17 "/USB 2.0 and Misc Signal Switching/SBU1_1")
  (net 18 "/USB 2.0 and Misc Signal Switching/CC2_1")
  (net 19 "/USB 2.0 and Misc Signal Switching/SBU2_1")
  (net 20 "/USB 2.0 and Misc Signal Switching/CC1_2")
  (net 21 "/USB 2.0 and Misc Signal Switching/SBU1_2")
  (net 22 "/USB 2.0 and Misc Signal Switching/CC2_2")
  (net 23 "/USB 2.0 and Misc Signal Switching/SBU2_2")
  (net 24 "/USB 3 Signal Switching/RX1_P")
  (net 25 "/USB 3 Signal Switching/RX1_N")
  (net 26 "/USB 2.0 and Misc Signal Switching/SBU2")
  (net 27 "/USB 2.0 and Misc Signal Switching/CC2")
  (net 28 "/USB 3 Signal Switching/TX2_N")
  (net 29 "/USB 3 Signal Switching/TX2_P")
  (net 30 "/USB 2.0 and Misc Signal Switching/D_P")
  (net 31 "/USB 2.0 and Misc Signal Switching/D_N")
  (net 32 "/USB 3 Signal Switching/RX2_P")
  (net 33 "/USB 2.0 and Misc Signal Switching/SBU1")
  (net 34 "/USB 3 Signal Switching/RX2_N")
  (net 35 "/USB 2.0 and Misc Signal Switching/CC1")
  (net 36 "/USB 3 Signal Switching/TX1_N")
  (net 37 "/USB 3 Signal Switching/TX1_P")
  (net 38 "Net-(J4-Pad2)")
  (net 39 "Net-(J4-Pad4)")
  (net 40 "Net-(J4-Pad10)")
  (net 41 "Net-(NT1-Pad1)")
  (net 42 +1V8)
  (net 43 "Net-(R9-Pad1)")
  (net 44 "Net-(R10-Pad1)")
  (net 45 /Control/VBUS_SNS_IN1)
  (net 46 /Control/VBUS_SNS_IN2)
  (net 47 /Control/VBUS_SNS_OUT)
  (net 48 "Net-(R20-Pad1)")
  (net 49 /Control/OE_CC_2)
  (net 50 /Control/OE_CC_1)
  (net 51 "/USB 3 Signal Switching/OE_N")
  (net 52 "/USB 3 Signal Switching/SEL")
  (net 53 "/USB 2.0 and Misc Signal Switching/SEL")
  (net 54 /Control/OE_N_USB2)
  (net 55 /Control/OE_PWR_1)
  (net 56 /Control/OE_PWR_2)
  (net 57 /Control/OE_N_SBU)
  (net 58 "/USB 3 Signal Switching/TX1_1_P")
  (net 59 "/USB 3 Signal Switching/TX1_1_N")
  (net 60 "/USB 3 Signal Switching/RX2_1_N")
  (net 61 "/USB 3 Signal Switching/RX2_1_P")
  (net 62 "/USB 3 Signal Switching/TX2_1_P")
  (net 63 "/USB 3 Signal Switching/TX2_1_N")
  (net 64 "/USB 3 Signal Switching/RX1_1_N")
  (net 65 "/USB 3 Signal Switching/RX1_1_P")
  (net 66 "/USB 3 Signal Switching/TX1_2_P")
  (net 67 "/USB 3 Signal Switching/TX1_2_N")
  (net 68 "/USB 3 Signal Switching/RX2_2_N")
  (net 69 "/USB 3 Signal Switching/RX2_2_P")
  (net 70 "/USB 3 Signal Switching/TX2_2_P")
  (net 71 "/USB 3 Signal Switching/TX2_2_N")
  (net 72 "/USB 3 Signal Switching/RX1_2_N")
  (net 73 "/USB 3 Signal Switching/RX1_2_P")
  (net 74 "/USB 2.0 and Misc Signal Switching/D_1_P")
  (net 75 "/USB 2.0 and Misc Signal Switching/D_1_N")
  (net 76 "/USB 2.0 and Misc Signal Switching/D_2_P")
  (net 77 "/USB 2.0 and Misc Signal Switching/D_2_N")

  (net_class Default "This is the default net class."
    (clearance 0.13)
    (trace_width 0.25)
    (via_dia 0.4)
    (via_drill 0.3)
    (uvia_dia 0.3)
    (uvia_drill 0.1)
    (add_net +1V8)
    (add_net +3V3)
    (add_net +5V)
    (add_net /Control/OE_CC_1)
    (add_net /Control/OE_CC_2)
    (add_net /Control/OE_N_SBU)
    (add_net /Control/OE_N_USB2)
    (add_net /Control/OE_PWR_1)
    (add_net /Control/OE_PWR_2)
    (add_net /Control/VBUS_SNS_IN1)
    (add_net /Control/VBUS_SNS_IN2)
    (add_net /Control/VBUS_SNS_OUT)
    (add_net "/Power Switching and Supplies/VBUS")
    (add_net "/Power Switching and Supplies/VBUS_1")
    (add_net "/Power Switching and Supplies/VBUS_2")
    (add_net "/USB 2.0 and Misc Signal Switching/CC1")
    (add_net "/USB 2.0 and Misc Signal Switching/CC1_1")
    (add_net "/USB 2.0 and Misc Signal Switching/CC1_2")
    (add_net "/USB 2.0 and Misc Signal Switching/CC2")
    (add_net "/USB 2.0 and Misc Signal Switching/CC2_1")
    (add_net "/USB 2.0 and Misc Signal Switching/CC2_2")
    (add_net "/USB 2.0 and Misc Signal Switching/SBU1")
    (add_net "/USB 2.0 and Misc Signal Switching/SBU1_1")
    (add_net "/USB 2.0 and Misc Signal Switching/SBU1_2")
    (add_net "/USB 2.0 and Misc Signal Switching/SBU2")
    (add_net "/USB 2.0 and Misc Signal Switching/SBU2_1")
    (add_net "/USB 2.0 and Misc Signal Switching/SBU2_2")
    (add_net "/USB 2.0 and Misc Signal Switching/SEL")
    (add_net "/USB 3 Signal Switching/OE_N")
    (add_net "/USB 3 Signal Switching/SEL")
    (add_net GND)
    (add_net GNDS)
    (add_net "Net-(C1-Pad1)")
    (add_net "Net-(C1-Pad2)")
    (add_net "Net-(C4-Pad1)")
    (add_net "Net-(D1-Pad1)")
    (add_net "Net-(D1-Pad2)")
    (add_net "Net-(D2-Pad2)")
    (add_net "Net-(D3-Pad2)")
    (add_net "Net-(D4-Pad2)")
    (add_net "Net-(J4-Pad10)")
    (add_net "Net-(J4-Pad2)")
    (add_net "Net-(J4-Pad4)")
    (add_net "Net-(NT1-Pad1)")
    (add_net "Net-(R10-Pad1)")
    (add_net "Net-(R20-Pad1)")
    (add_net "Net-(R9-Pad1)")
  )

  (net_class USB2_90ohm ""
    (clearance 0.13)
    (trace_width 0.2)
    (via_dia 0.4)
    (via_drill 0.3)
    (uvia_dia 0.3)
    (uvia_drill 0.1)
    (diff_pair_width 0.2)
    (diff_pair_gap 0.14)
    (add_net "/USB 2.0 and Misc Signal Switching/D_1_N")
    (add_net "/USB 2.0 and Misc Signal Switching/D_1_P")
    (add_net "/USB 2.0 and Misc Signal Switching/D_2_N")
    (add_net "/USB 2.0 and Misc Signal Switching/D_2_P")
    (add_net "/USB 2.0 and Misc Signal Switching/D_N")
    (add_net "/USB 2.0 and Misc Signal Switching/D_P")
  )

  (net_class USB3_90ohm ""
    (clearance 0.13)
    (trace_width 0.2)
    (via_dia 0.4)
    (via_drill 0.3)
    (uvia_dia 0.3)
    (uvia_drill 0.1)
    (diff_pair_width 0.2)
    (diff_pair_gap 0.14)
    (add_net "/USB 3 Signal Switching/RX1_1_N")
    (add_net "/USB 3 Signal Switching/RX1_1_P")
    (add_net "/USB 3 Signal Switching/RX1_2_N")
    (add_net "/USB 3 Signal Switching/RX1_2_P")
    (add_net "/USB 3 Signal Switching/RX1_N")
    (add_net "/USB 3 Signal Switching/RX1_P")
    (add_net "/USB 3 Signal Switching/RX2_1_N")
    (add_net "/USB 3 Signal Switching/RX2_1_P")
    (add_net "/USB 3 Signal Switching/RX2_2_N")
    (add_net "/USB 3 Signal Switching/RX2_2_P")
    (add_net "/USB 3 Signal Switching/RX2_N")
    (add_net "/USB 3 Signal Switching/RX2_P")
    (add_net "/USB 3 Signal Switching/TX1_1_N")
    (add_net "/USB 3 Signal Switching/TX1_1_P")
    (add_net "/USB 3 Signal Switching/TX1_2_N")
    (add_net "/USB 3 Signal Switching/TX1_2_P")
    (add_net "/USB 3 Signal Switching/TX1_N")
    (add_net "/USB 3 Signal Switching/TX1_P")
    (add_net "/USB 3 Signal Switching/TX2_1_N")
    (add_net "/USB 3 Signal Switching/TX2_1_P")
    (add_net "/USB 3 Signal Switching/TX2_2_N")
    (add_net "/USB 3 Signal Switching/TX2_2_P")
    (add_net "/USB 3 Signal Switching/TX2_N")
    (add_net "/USB 3 Signal Switching/TX2_P")
  )

  (module custom:IC_TPD6E001RSER (layer F.Cu) (tedit 5FEC9BA6) (tstamp 5FEDED22)
    (at 112.94 106.15 270)
    (path /6078C669/60E2B0C8)
    (fp_text reference U7 (at 1.415 -2.478 90) (layer F.SilkS)
      (effects (font (size 1 1) (thickness 0.015)))
    )
    (fp_text value NL3S588 (at 7.765 2.478 90) (layer F.Fab)
      (effects (font (size 1 1) (thickness 0.015)))
    )
    (fp_line (start 1.2 1.45) (end 1.2 -1.45) (layer F.CrtYd) (width 0.05))
    (fp_line (start -1.2 1.45) (end -1.2 -1.45) (layer F.CrtYd) (width 0.05))
    (fp_line (start -1.2 -1.45) (end 1.2 -1.45) (layer F.CrtYd) (width 0.05))
    (fp_line (start -1.2 1.45) (end 1.2 1.45) (layer F.CrtYd) (width 0.05))
    (fp_line (start -0.75 -1.195) (end -0.43 -1.195) (layer F.SilkS) (width 0.127))
    (fp_line (start -0.75 1.195) (end -0.43 1.195) (layer F.SilkS) (width 0.127))
    (fp_line (start 0.75 -1.195) (end 0.43 -1.195) (layer F.SilkS) (width 0.127))
    (fp_line (start 0.75 1.195) (end 0.43 1.195) (layer F.SilkS) (width 0.127))
    (fp_line (start -0.75 1) (end -0.75 -1) (layer F.Fab) (width 0.127))
    (fp_line (start 0.75 1) (end 0.75 -1) (layer F.Fab) (width 0.127))
    (fp_line (start 0.75 -1) (end -0.75 -1) (layer F.Fab) (width 0.127))
    (fp_line (start 0.75 1) (end -0.75 1) (layer F.Fab) (width 0.127))
    (fp_circle (center -1.685 -0.75) (end -1.585 -0.75) (layer F.Fab) (width 0.2))
    (fp_circle (center -1.685 -0.75) (end -1.585 -0.75) (layer F.SilkS) (width 0.2))
    (pad 9 smd rect (at 0.675 -0.75 270) (size 0.55 0.25) (layers F.Cu F.Paste F.Mask)
      (net 33 "/USB 2.0 and Misc Signal Switching/SBU1"))
    (pad 8 smd rect (at 0.675 -0.25 270) (size 0.55 0.2) (layers F.Cu F.Paste F.Mask)
      (net 57 /Control/OE_N_SBU))
    (pad 7 smd rect (at 0.675 0.25 270) (size 0.55 0.2) (layers F.Cu F.Paste F.Mask)
      (net 5 +3V3))
    (pad 6 smd rect (at 0.675 0.75 270) (size 0.55 0.25) (layers F.Cu F.Paste F.Mask)
      (net 17 "/USB 2.0 and Misc Signal Switching/SBU1_1"))
    (pad 4 smd rect (at -0.675 0.75 270) (size 0.55 0.25) (layers F.Cu F.Paste F.Mask)
      (net 19 "/USB 2.0 and Misc Signal Switching/SBU2_1"))
    (pad 3 smd rect (at -0.675 0.25 270) (size 0.55 0.2) (layers F.Cu F.Paste F.Mask)
      (net 23 "/USB 2.0 and Misc Signal Switching/SBU2_2"))
    (pad 2 smd rect (at -0.675 -0.25 270) (size 0.55 0.2) (layers F.Cu F.Paste F.Mask)
      (net 3 GND))
    (pad 1 smd rect (at -0.675 -0.75 270) (size 0.55 0.25) (layers F.Cu F.Paste F.Mask)
      (net 53 "/USB 2.0 and Misc Signal Switching/SEL"))
    (pad 10 smd rect (at 0 -0.9 270) (size 0.3 0.6) (layers F.Cu F.Paste F.Mask)
      (net 26 "/USB 2.0 and Misc Signal Switching/SBU2"))
    (pad 5 smd rect (at 0 0.9 270) (size 0.3 0.6) (layers F.Cu F.Paste F.Mask)
      (net 21 "/USB 2.0 and Misc Signal Switching/SBU1_2"))
  )

  (module Connector_USB:USB_C_Receptacle_Amphenol_12401548E4-2A (layer F.Cu) (tedit 5A142044) (tstamp 5FEE58F4)
    (at 35 100 270)
    (descr "USB TYPE C, RA RCPT PCB, Hybrid, https://www.amphenolcanada.com/StockAvailabilityPrice.aspx?From=&PartNum=12401548E4%7e2A")
    (tags "USB C Type-C Receptacle Hybrid")
    (path /5FE6FECC)
    (attr smd)
    (fp_text reference J1 (at 0 -6.36 90) (layer F.SilkS)
      (effects (font (size 1 1) (thickness 0.15)))
    )
    (fp_text value USB_C_IN_1 (at 0 6.14 90) (layer F.Fab)
      (effects (font (size 1 1) (thickness 0.15)))
    )
    (fp_line (start -4.6 5.23) (end -4.6 -5.22) (layer F.Fab) (width 0.1))
    (fp_line (start -4.6 -5.22) (end 4.6 -5.22) (layer F.Fab) (width 0.1))
    (fp_line (start -4.75 -5.37) (end -3.25 -5.37) (layer F.SilkS) (width 0.12))
    (fp_line (start -4.75 -5.37) (end -4.75 1.89) (layer F.SilkS) (width 0.12))
    (fp_line (start 4.75 -5.37) (end 4.75 1.89) (layer F.SilkS) (width 0.12))
    (fp_line (start 3.25 -5.37) (end 4.75 -5.37) (layer F.SilkS) (width 0.12))
    (fp_line (start -4.6 5.23) (end 4.6 5.23) (layer F.Fab) (width 0.1))
    (fp_line (start 4.6 5.23) (end 4.6 -5.22) (layer F.Fab) (width 0.1))
    (fp_line (start -5.39 -5.87) (end 5.39 -5.87) (layer F.CrtYd) (width 0.05))
    (fp_line (start 5.39 -5.87) (end 5.39 5.73) (layer F.CrtYd) (width 0.05))
    (fp_line (start 5.39 5.73) (end -5.39 5.73) (layer F.CrtYd) (width 0.05))
    (fp_line (start -5.39 5.73) (end -5.39 -5.87) (layer F.CrtYd) (width 0.05))
    (fp_text user %R (at 0 0 90) (layer F.Fab)
      (effects (font (size 1 1) (thickness 0.1)))
    )
    (pad S1 thru_hole oval (at -4.13 -3.11 270) (size 0.8 1.4) (drill oval 0.5 1.1) (layers *.Cu *.Mask)
      (net 15 GNDS))
    (pad A1 smd rect (at -2.75 -5.02 270) (size 0.3 0.7) (layers F.Cu F.Paste F.Mask)
      (net 3 GND))
    (pad A2 smd rect (at -2.25 -5.02 270) (size 0.3 0.7) (layers F.Cu F.Paste F.Mask)
      (net 58 "/USB 3 Signal Switching/TX1_1_P"))
    (pad A3 smd rect (at -1.75 -5.02 270) (size 0.3 0.7) (layers F.Cu F.Paste F.Mask)
      (net 59 "/USB 3 Signal Switching/TX1_1_N"))
    (pad A4 smd rect (at -1.25 -5.02 270) (size 0.3 0.7) (layers F.Cu F.Paste F.Mask)
      (net 12 "/Power Switching and Supplies/VBUS_1"))
    (pad A5 smd rect (at -0.75 -5.02 270) (size 0.3 0.7) (layers F.Cu F.Paste F.Mask)
      (net 16 "/USB 2.0 and Misc Signal Switching/CC1_1"))
    (pad A6 smd rect (at -0.25 -5.02 270) (size 0.3 0.7) (layers F.Cu F.Paste F.Mask)
      (net 74 "/USB 2.0 and Misc Signal Switching/D_1_P"))
    (pad A7 smd rect (at 0.25 -5.02 270) (size 0.3 0.7) (layers F.Cu F.Paste F.Mask)
      (net 75 "/USB 2.0 and Misc Signal Switching/D_1_N"))
    (pad A12 smd rect (at 2.75 -5.02 270) (size 0.3 0.7) (layers F.Cu F.Paste F.Mask)
      (net 3 GND))
    (pad A10 smd rect (at 1.75 -5.02 270) (size 0.3 0.7) (layers F.Cu F.Paste F.Mask)
      (net 60 "/USB 3 Signal Switching/RX2_1_N"))
    (pad A9 smd rect (at 1.25 -5.02 270) (size 0.3 0.7) (layers F.Cu F.Paste F.Mask)
      (net 12 "/Power Switching and Supplies/VBUS_1"))
    (pad A8 smd rect (at 0.75 -5.02 270) (size 0.3 0.7) (layers F.Cu F.Paste F.Mask)
      (net 17 "/USB 2.0 and Misc Signal Switching/SBU1_1"))
    (pad A11 smd rect (at 2.25 -5.02 270) (size 0.3 0.7) (layers F.Cu F.Paste F.Mask)
      (net 61 "/USB 3 Signal Switching/RX2_1_P"))
    (pad S1 thru_hole oval (at 4.13 -3.11 270) (size 0.8 1.4) (drill oval 0.5 1.1) (layers *.Cu *.Mask)
      (net 15 GNDS))
    (pad S1 thru_hole oval (at 4.49 2.84 270) (size 0.8 1.4) (drill oval 0.5 1.1) (layers *.Cu *.Mask)
      (net 15 GNDS))
    (pad S1 thru_hole oval (at -4.49 2.84 270) (size 0.8 1.4) (drill oval 0.5 1.1) (layers *.Cu *.Mask)
      (net 15 GNDS))
    (pad "" np_thru_hole oval (at 3.6 -4.36 270) (size 0.95 0.65) (drill oval 0.95 0.65) (layers *.Cu *.Mask))
    (pad "" np_thru_hole circle (at -3.6 -4.36 270) (size 0.65 0.65) (drill 0.65) (layers *.Cu *.Mask))
    (pad B1 thru_hole circle (at 2.8 -3.71 270) (size 0.65 0.65) (drill 0.4) (layers *.Cu *.Mask)
      (net 3 GND))
    (pad B4 thru_hole circle (at 1.2 -3.71 270) (size 0.65 0.65) (drill 0.4) (layers *.Cu *.Mask)
      (net 12 "/Power Switching and Supplies/VBUS_1"))
    (pad B6 thru_hole circle (at 0.4 -3.71 270) (size 0.65 0.65) (drill 0.4) (layers *.Cu *.Mask)
      (net 74 "/USB 2.0 and Misc Signal Switching/D_1_P"))
    (pad B7 thru_hole circle (at -0.4 -3.71 270) (size 0.65 0.65) (drill 0.4) (layers *.Cu *.Mask)
      (net 75 "/USB 2.0 and Misc Signal Switching/D_1_N"))
    (pad B9 thru_hole circle (at -1.2 -3.71 270) (size 0.65 0.65) (drill 0.4) (layers *.Cu *.Mask)
      (net 12 "/Power Switching and Supplies/VBUS_1"))
    (pad B12 thru_hole circle (at -2.8 -3.71 270) (size 0.65 0.65) (drill 0.4) (layers *.Cu *.Mask)
      (net 3 GND))
    (pad B2 thru_hole circle (at 2.4 -3.01 270) (size 0.65 0.65) (drill 0.4) (layers *.Cu *.Mask)
      (net 62 "/USB 3 Signal Switching/TX2_1_P"))
    (pad B3 thru_hole circle (at 1.6 -3.01 270) (size 0.65 0.65) (drill 0.4) (layers *.Cu *.Mask)
      (net 63 "/USB 3 Signal Switching/TX2_1_N"))
    (pad B5 thru_hole circle (at 0.8 -3.01 270) (size 0.65 0.65) (drill 0.4) (layers *.Cu *.Mask)
      (net 18 "/USB 2.0 and Misc Signal Switching/CC2_1"))
    (pad B8 thru_hole circle (at -0.8 -3.01 270) (size 0.65 0.65) (drill 0.4) (layers *.Cu *.Mask)
      (net 19 "/USB 2.0 and Misc Signal Switching/SBU2_1"))
    (pad B10 thru_hole circle (at -1.6 -3.01 270) (size 0.65 0.65) (drill 0.4) (layers *.Cu *.Mask)
      (net 64 "/USB 3 Signal Switching/RX1_1_N"))
    (pad B11 thru_hole circle (at -2.4 -3.01 270) (size 0.65 0.65) (drill 0.4) (layers *.Cu *.Mask)
      (net 65 "/USB 3 Signal Switching/RX1_1_P"))
    (model ${KISYS3DMOD}/Connector_USB.3dshapes/USB_C_Receptacle_Amphenol_12401548E4-2A.wrl
      (at (xyz 0 0 0))
      (scale (xyz 1 1 1))
      (rotate (xyz 0 0 0))
    )
  )

  (module Connector_USB:USB_C_Receptacle_Amphenol_12401548E4-2A (layer F.Cu) (tedit 5A142044) (tstamp 5FED121A)
    (at 35 122 270)
    (descr "USB TYPE C, RA RCPT PCB, Hybrid, https://www.amphenolcanada.com/StockAvailabilityPrice.aspx?From=&PartNum=12401548E4%7e2A")
    (tags "USB C Type-C Receptacle Hybrid")
    (path /5FE73047)
    (attr smd)
    (fp_text reference J2 (at 0 -6.36 90) (layer F.SilkS)
      (effects (font (size 1 1) (thickness 0.15)))
    )
    (fp_text value USB_C_IN_2 (at 0 6.14 90) (layer F.Fab)
      (effects (font (size 1 1) (thickness 0.15)))
    )
    (fp_line (start -4.6 5.23) (end -4.6 -5.22) (layer F.Fab) (width 0.1))
    (fp_line (start -4.6 -5.22) (end 4.6 -5.22) (layer F.Fab) (width 0.1))
    (fp_line (start -4.75 -5.37) (end -3.25 -5.37) (layer F.SilkS) (width 0.12))
    (fp_line (start -4.75 -5.37) (end -4.75 1.89) (layer F.SilkS) (width 0.12))
    (fp_line (start 4.75 -5.37) (end 4.75 1.89) (layer F.SilkS) (width 0.12))
    (fp_line (start 3.25 -5.37) (end 4.75 -5.37) (layer F.SilkS) (width 0.12))
    (fp_line (start -4.6 5.23) (end 4.6 5.23) (layer F.Fab) (width 0.1))
    (fp_line (start 4.6 5.23) (end 4.6 -5.22) (layer F.Fab) (width 0.1))
    (fp_line (start -5.39 -5.87) (end 5.39 -5.87) (layer F.CrtYd) (width 0.05))
    (fp_line (start 5.39 -5.87) (end 5.39 5.73) (layer F.CrtYd) (width 0.05))
    (fp_line (start 5.39 5.73) (end -5.39 5.73) (layer F.CrtYd) (width 0.05))
    (fp_line (start -5.39 5.73) (end -5.39 -5.87) (layer F.CrtYd) (width 0.05))
    (fp_text user %R (at 0 0 90) (layer F.Fab)
      (effects (font (size 1 1) (thickness 0.1)))
    )
    (pad S1 thru_hole oval (at -4.13 -3.11 270) (size 0.8 1.4) (drill oval 0.5 1.1) (layers *.Cu *.Mask)
      (net 15 GNDS))
    (pad A1 smd rect (at -2.75 -5.02 270) (size 0.3 0.7) (layers F.Cu F.Paste F.Mask)
      (net 3 GND))
    (pad A2 smd rect (at -2.25 -5.02 270) (size 0.3 0.7) (layers F.Cu F.Paste F.Mask)
      (net 66 "/USB 3 Signal Switching/TX1_2_P"))
    (pad A3 smd rect (at -1.75 -5.02 270) (size 0.3 0.7) (layers F.Cu F.Paste F.Mask)
      (net 67 "/USB 3 Signal Switching/TX1_2_N"))
    (pad A4 smd rect (at -1.25 -5.02 270) (size 0.3 0.7) (layers F.Cu F.Paste F.Mask)
      (net 13 "/Power Switching and Supplies/VBUS_2"))
    (pad A5 smd rect (at -0.75 -5.02 270) (size 0.3 0.7) (layers F.Cu F.Paste F.Mask)
      (net 20 "/USB 2.0 and Misc Signal Switching/CC1_2"))
    (pad A6 smd rect (at -0.25 -5.02 270) (size 0.3 0.7) (layers F.Cu F.Paste F.Mask)
      (net 76 "/USB 2.0 and Misc Signal Switching/D_2_P"))
    (pad A7 smd rect (at 0.25 -5.02 270) (size 0.3 0.7) (layers F.Cu F.Paste F.Mask)
      (net 77 "/USB 2.0 and Misc Signal Switching/D_2_N"))
    (pad A12 smd rect (at 2.75 -5.02 270) (size 0.3 0.7) (layers F.Cu F.Paste F.Mask)
      (net 3 GND))
    (pad A10 smd rect (at 1.75 -5.02 270) (size 0.3 0.7) (layers F.Cu F.Paste F.Mask)
      (net 68 "/USB 3 Signal Switching/RX2_2_N"))
    (pad A9 smd rect (at 1.25 -5.02 270) (size 0.3 0.7) (layers F.Cu F.Paste F.Mask)
      (net 13 "/Power Switching and Supplies/VBUS_2"))
    (pad A8 smd rect (at 0.75 -5.02 270) (size 0.3 0.7) (layers F.Cu F.Paste F.Mask)
      (net 21 "/USB 2.0 and Misc Signal Switching/SBU1_2"))
    (pad A11 smd rect (at 2.25 -5.02 270) (size 0.3 0.7) (layers F.Cu F.Paste F.Mask)
      (net 69 "/USB 3 Signal Switching/RX2_2_P"))
    (pad S1 thru_hole oval (at 4.13 -3.11 270) (size 0.8 1.4) (drill oval 0.5 1.1) (layers *.Cu *.Mask)
      (net 15 GNDS))
    (pad S1 thru_hole oval (at 4.49 2.84 270) (size 0.8 1.4) (drill oval 0.5 1.1) (layers *.Cu *.Mask)
      (net 15 GNDS))
    (pad S1 thru_hole oval (at -4.49 2.84 270) (size 0.8 1.4) (drill oval 0.5 1.1) (layers *.Cu *.Mask)
      (net 15 GNDS))
    (pad "" np_thru_hole oval (at 3.6 -4.36 270) (size 0.95 0.65) (drill oval 0.95 0.65) (layers *.Cu *.Mask))
    (pad "" np_thru_hole circle (at -3.6 -4.36 270) (size 0.65 0.65) (drill 0.65) (layers *.Cu *.Mask))
    (pad B1 thru_hole circle (at 2.8 -3.71 270) (size 0.65 0.65) (drill 0.4) (layers *.Cu *.Mask)
      (net 3 GND))
    (pad B4 thru_hole circle (at 1.2 -3.71 270) (size 0.65 0.65) (drill 0.4) (layers *.Cu *.Mask)
      (net 13 "/Power Switching and Supplies/VBUS_2"))
    (pad B6 thru_hole circle (at 0.4 -3.71 270) (size 0.65 0.65) (drill 0.4) (layers *.Cu *.Mask)
      (net 76 "/USB 2.0 and Misc Signal Switching/D_2_P"))
    (pad B7 thru_hole circle (at -0.4 -3.71 270) (size 0.65 0.65) (drill 0.4) (layers *.Cu *.Mask)
      (net 77 "/USB 2.0 and Misc Signal Switching/D_2_N"))
    (pad B9 thru_hole circle (at -1.2 -3.71 270) (size 0.65 0.65) (drill 0.4) (layers *.Cu *.Mask)
      (net 13 "/Power Switching and Supplies/VBUS_2"))
    (pad B12 thru_hole circle (at -2.8 -3.71 270) (size 0.65 0.65) (drill 0.4) (layers *.Cu *.Mask)
      (net 3 GND))
    (pad B2 thru_hole circle (at 2.4 -3.01 270) (size 0.65 0.65) (drill 0.4) (layers *.Cu *.Mask)
      (net 70 "/USB 3 Signal Switching/TX2_2_P"))
    (pad B3 thru_hole circle (at 1.6 -3.01 270) (size 0.65 0.65) (drill 0.4) (layers *.Cu *.Mask)
      (net 71 "/USB 3 Signal Switching/TX2_2_N"))
    (pad B5 thru_hole circle (at 0.8 -3.01 270) (size 0.65 0.65) (drill 0.4) (layers *.Cu *.Mask)
      (net 22 "/USB 2.0 and Misc Signal Switching/CC2_2"))
    (pad B8 thru_hole circle (at -0.8 -3.01 270) (size 0.65 0.65) (drill 0.4) (layers *.Cu *.Mask)
      (net 23 "/USB 2.0 and Misc Signal Switching/SBU2_2"))
    (pad B10 thru_hole circle (at -1.6 -3.01 270) (size 0.65 0.65) (drill 0.4) (layers *.Cu *.Mask)
      (net 72 "/USB 3 Signal Switching/RX1_2_N"))
    (pad B11 thru_hole circle (at -2.4 -3.01 270) (size 0.65 0.65) (drill 0.4) (layers *.Cu *.Mask)
      (net 73 "/USB 3 Signal Switching/RX1_2_P"))
    (model ${KISYS3DMOD}/Connector_USB.3dshapes/USB_C_Receptacle_Amphenol_12401548E4-2A.wrl
      (at (xyz 0 0 0))
      (scale (xyz 1 1 1))
      (rotate (xyz 0 0 0))
    )
  )

  (module Capacitor_SMD:C_0805_2012Metric (layer F.Cu) (tedit 5F68FEEE) (tstamp 5FECF88E)
    (at 35.5 159.5)
    (descr "Capacitor SMD 0805 (2012 Metric), square (rectangular) end terminal, IPC_7351 nominal, (Body size source: IPC-SM-782 page 76, https://www.pcb-3d.com/wordpress/wp-content/uploads/ipc-sm-782a_amendment_1_and_2.pdf, https://docs.google.com/spreadsheets/d/1BsfQQcO9C6DZCsRaXUlFlo91Tg2WpOkGARC1WS5S8t0/edit?usp=sharing), generated with kicad-footprint-generator")
    (tags capacitor)
    (path /6086B3F3/60F18943)
    (attr smd)
    (fp_text reference C1 (at 0 0 270) (layer F.SilkS)
      (effects (font (size 0.5 0.5) (thickness 0.1)))
    )
    (fp_text value 100n (at 0 1.68) (layer F.Fab) hide
      (effects (font (size 1 1) (thickness 0.15)))
    )
    (fp_line (start 1.7 0.98) (end -1.7 0.98) (layer F.CrtYd) (width 0.05))
    (fp_line (start 1.7 -0.98) (end 1.7 0.98) (layer F.CrtYd) (width 0.05))
    (fp_line (start -1.7 -0.98) (end 1.7 -0.98) (layer F.CrtYd) (width 0.05))
    (fp_line (start -1.7 0.98) (end -1.7 -0.98) (layer F.CrtYd) (width 0.05))
    (fp_line (start -0.261252 0.735) (end 0.261252 0.735) (layer F.SilkS) (width 0.12))
    (fp_line (start -0.261252 -0.735) (end 0.261252 -0.735) (layer F.SilkS) (width 0.12))
    (fp_line (start 1 0.625) (end -1 0.625) (layer F.Fab) (width 0.1))
    (fp_line (start 1 -0.625) (end 1 0.625) (layer F.Fab) (width 0.1))
    (fp_line (start -1 -0.625) (end 1 -0.625) (layer F.Fab) (width 0.1))
    (fp_line (start -1 0.625) (end -1 -0.625) (layer F.Fab) (width 0.1))
    (fp_text user %R (at 0 0) (layer F.Fab)
      (effects (font (size 0.5 0.5) (thickness 0.08)))
    )
    (pad 1 smd roundrect (at -0.95 0) (size 1 1.45) (layers F.Cu F.Paste F.Mask) (roundrect_rratio 0.25)
      (net 1 "Net-(C1-Pad1)"))
    (pad 2 smd roundrect (at 0.95 0) (size 1 1.45) (layers F.Cu F.Paste F.Mask) (roundrect_rratio 0.25)
      (net 2 "Net-(C1-Pad2)"))
    (model ${KISYS3DMOD}/Capacitor_SMD.3dshapes/C_0805_2012Metric.wrl
      (at (xyz 0 0 0))
      (scale (xyz 1 1 1))
      (rotate (xyz 0 0 0))
    )
  )

  (module Capacitor_SMD:C_0805_2012Metric (layer F.Cu) (tedit 5F68FEEE) (tstamp 5FECF89F)
    (at 38.7 156 270)
    (descr "Capacitor SMD 0805 (2012 Metric), square (rectangular) end terminal, IPC_7351 nominal, (Body size source: IPC-SM-782 page 76, https://www.pcb-3d.com/wordpress/wp-content/uploads/ipc-sm-782a_amendment_1_and_2.pdf, https://docs.google.com/spreadsheets/d/1BsfQQcO9C6DZCsRaXUlFlo91Tg2WpOkGARC1WS5S8t0/edit?usp=sharing), generated with kicad-footprint-generator")
    (tags capacitor)
    (path /6086B3F3/60F53EAD)
    (attr smd)
    (fp_text reference C2 (at 0 -1.68 90) (layer F.SilkS)
      (effects (font (size 1 1) (thickness 0.15)))
    )
    (fp_text value 47u (at 0 1.68 90) (layer F.Fab)
      (effects (font (size 1 1) (thickness 0.15)))
    )
    (fp_text user %R (at 0 0 90) (layer F.Fab)
      (effects (font (size 0.5 0.5) (thickness 0.08)))
    )
    (fp_line (start -1 0.625) (end -1 -0.625) (layer F.Fab) (width 0.1))
    (fp_line (start -1 -0.625) (end 1 -0.625) (layer F.Fab) (width 0.1))
    (fp_line (start 1 -0.625) (end 1 0.625) (layer F.Fab) (width 0.1))
    (fp_line (start 1 0.625) (end -1 0.625) (layer F.Fab) (width 0.1))
    (fp_line (start -0.261252 -0.735) (end 0.261252 -0.735) (layer F.SilkS) (width 0.12))
    (fp_line (start -0.261252 0.735) (end 0.261252 0.735) (layer F.SilkS) (width 0.12))
    (fp_line (start -1.7 0.98) (end -1.7 -0.98) (layer F.CrtYd) (width 0.05))
    (fp_line (start -1.7 -0.98) (end 1.7 -0.98) (layer F.CrtYd) (width 0.05))
    (fp_line (start 1.7 -0.98) (end 1.7 0.98) (layer F.CrtYd) (width 0.05))
    (fp_line (start 1.7 0.98) (end -1.7 0.98) (layer F.CrtYd) (width 0.05))
    (pad 2 smd roundrect (at 0.95 0 270) (size 1 1.45) (layers F.Cu F.Paste F.Mask) (roundrect_rratio 0.25)
      (net 3 GND))
    (pad 1 smd roundrect (at -0.95 0 270) (size 1 1.45) (layers F.Cu F.Paste F.Mask) (roundrect_rratio 0.25)
      (net 4 +5V))
    (model ${KISYS3DMOD}/Capacitor_SMD.3dshapes/C_0805_2012Metric.wrl
      (at (xyz 0 0 0))
      (scale (xyz 1 1 1))
      (rotate (xyz 0 0 0))
    )
  )

  (module Capacitor_SMD:C_0805_2012Metric (layer F.Cu) (tedit 5F68FEEE) (tstamp 5FECF8B0)
    (at 72.707001 154.921001)
    (descr "Capacitor SMD 0805 (2012 Metric), square (rectangular) end terminal, IPC_7351 nominal, (Body size source: IPC-SM-782 page 76, https://www.pcb-3d.com/wordpress/wp-content/uploads/ipc-sm-782a_amendment_1_and_2.pdf, https://docs.google.com/spreadsheets/d/1BsfQQcO9C6DZCsRaXUlFlo91Tg2WpOkGARC1WS5S8t0/edit?usp=sharing), generated with kicad-footprint-generator")
    (tags capacitor)
    (path /6086B3F3/60FB992D)
    (attr smd)
    (fp_text reference C3 (at 0 -1.68) (layer F.SilkS)
      (effects (font (size 1 1) (thickness 0.15)))
    )
    (fp_text value 47u (at 0 1.68) (layer F.Fab)
      (effects (font (size 1 1) (thickness 0.15)))
    )
    (fp_line (start 1.7 0.98) (end -1.7 0.98) (layer F.CrtYd) (width 0.05))
    (fp_line (start 1.7 -0.98) (end 1.7 0.98) (layer F.CrtYd) (width 0.05))
    (fp_line (start -1.7 -0.98) (end 1.7 -0.98) (layer F.CrtYd) (width 0.05))
    (fp_line (start -1.7 0.98) (end -1.7 -0.98) (layer F.CrtYd) (width 0.05))
    (fp_line (start -0.261252 0.735) (end 0.261252 0.735) (layer F.SilkS) (width 0.12))
    (fp_line (start -0.261252 -0.735) (end 0.261252 -0.735) (layer F.SilkS) (width 0.12))
    (fp_line (start 1 0.625) (end -1 0.625) (layer F.Fab) (width 0.1))
    (fp_line (start 1 -0.625) (end 1 0.625) (layer F.Fab) (width 0.1))
    (fp_line (start -1 -0.625) (end 1 -0.625) (layer F.Fab) (width 0.1))
    (fp_line (start -1 0.625) (end -1 -0.625) (layer F.Fab) (width 0.1))
    (fp_text user %R (at 0 0) (layer F.Fab)
      (effects (font (size 0.5 0.5) (thickness 0.08)))
    )
    (pad 1 smd roundrect (at -0.95 0) (size 1 1.45) (layers F.Cu F.Paste F.Mask) (roundrect_rratio 0.25)
      (net 5 +3V3))
    (pad 2 smd roundrect (at 0.95 0) (size 1 1.45) (layers F.Cu F.Paste F.Mask) (roundrect_rratio 0.25)
      (net 3 GND))
    (model ${KISYS3DMOD}/Capacitor_SMD.3dshapes/C_0805_2012Metric.wrl
      (at (xyz 0 0 0))
      (scale (xyz 1 1 1))
      (rotate (xyz 0 0 0))
    )
  )

  (module Capacitor_SMD:C_0805_2012Metric (layer F.Cu) (tedit 5F68FEEE) (tstamp 5FECF8C1)
    (at 110.693001 122.449001)
    (descr "Capacitor SMD 0805 (2012 Metric), square (rectangular) end terminal, IPC_7351 nominal, (Body size source: IPC-SM-782 page 76, https://www.pcb-3d.com/wordpress/wp-content/uploads/ipc-sm-782a_amendment_1_and_2.pdf, https://docs.google.com/spreadsheets/d/1BsfQQcO9C6DZCsRaXUlFlo91Tg2WpOkGARC1WS5S8t0/edit?usp=sharing), generated with kicad-footprint-generator")
    (tags capacitor)
    (path /610E53F5/61543D7B)
    (attr smd)
    (fp_text reference C4 (at 0 -1.68) (layer F.SilkS)
      (effects (font (size 1 1) (thickness 0.15)))
    )
    (fp_text value 1u (at 0 1.68) (layer F.Fab)
      (effects (font (size 1 1) (thickness 0.15)))
    )
    (fp_text user %R (at 0 0) (layer F.Fab)
      (effects (font (size 0.5 0.5) (thickness 0.08)))
    )
    (fp_line (start -1 0.625) (end -1 -0.625) (layer F.Fab) (width 0.1))
    (fp_line (start -1 -0.625) (end 1 -0.625) (layer F.Fab) (width 0.1))
    (fp_line (start 1 -0.625) (end 1 0.625) (layer F.Fab) (width 0.1))
    (fp_line (start 1 0.625) (end -1 0.625) (layer F.Fab) (width 0.1))
    (fp_line (start -0.261252 -0.735) (end 0.261252 -0.735) (layer F.SilkS) (width 0.12))
    (fp_line (start -0.261252 0.735) (end 0.261252 0.735) (layer F.SilkS) (width 0.12))
    (fp_line (start -1.7 0.98) (end -1.7 -0.98) (layer F.CrtYd) (width 0.05))
    (fp_line (start -1.7 -0.98) (end 1.7 -0.98) (layer F.CrtYd) (width 0.05))
    (fp_line (start 1.7 -0.98) (end 1.7 0.98) (layer F.CrtYd) (width 0.05))
    (fp_line (start 1.7 0.98) (end -1.7 0.98) (layer F.CrtYd) (width 0.05))
    (pad 2 smd roundrect (at 0.95 0) (size 1 1.45) (layers F.Cu F.Paste F.Mask) (roundrect_rratio 0.25)
      (net 3 GND))
    (pad 1 smd roundrect (at -0.95 0) (size 1 1.45) (layers F.Cu F.Paste F.Mask) (roundrect_rratio 0.25)
      (net 6 "Net-(C4-Pad1)"))
    (model ${KISYS3DMOD}/Capacitor_SMD.3dshapes/C_0805_2012Metric.wrl
      (at (xyz 0 0 0))
      (scale (xyz 1 1 1))
      (rotate (xyz 0 0 0))
    )
  )

  (module Capacitor_SMD:C_0805_2012Metric (layer F.Cu) (tedit 5F68FEEE) (tstamp 5FECF8D2)
    (at 121.993001 122.189001)
    (descr "Capacitor SMD 0805 (2012 Metric), square (rectangular) end terminal, IPC_7351 nominal, (Body size source: IPC-SM-782 page 76, https://www.pcb-3d.com/wordpress/wp-content/uploads/ipc-sm-782a_amendment_1_and_2.pdf, https://docs.google.com/spreadsheets/d/1BsfQQcO9C6DZCsRaXUlFlo91Tg2WpOkGARC1WS5S8t0/edit?usp=sharing), generated with kicad-footprint-generator")
    (tags capacitor)
    (path /610E53F5/61544CDD)
    (attr smd)
    (fp_text reference C5 (at 0 -1.68) (layer F.SilkS)
      (effects (font (size 1 1) (thickness 0.15)))
    )
    (fp_text value 100n (at 0 1.68) (layer F.Fab)
      (effects (font (size 1 1) (thickness 0.15)))
    )
    (fp_line (start 1.7 0.98) (end -1.7 0.98) (layer F.CrtYd) (width 0.05))
    (fp_line (start 1.7 -0.98) (end 1.7 0.98) (layer F.CrtYd) (width 0.05))
    (fp_line (start -1.7 -0.98) (end 1.7 -0.98) (layer F.CrtYd) (width 0.05))
    (fp_line (start -1.7 0.98) (end -1.7 -0.98) (layer F.CrtYd) (width 0.05))
    (fp_line (start -0.261252 0.735) (end 0.261252 0.735) (layer F.SilkS) (width 0.12))
    (fp_line (start -0.261252 -0.735) (end 0.261252 -0.735) (layer F.SilkS) (width 0.12))
    (fp_line (start 1 0.625) (end -1 0.625) (layer F.Fab) (width 0.1))
    (fp_line (start 1 -0.625) (end 1 0.625) (layer F.Fab) (width 0.1))
    (fp_line (start -1 -0.625) (end 1 -0.625) (layer F.Fab) (width 0.1))
    (fp_line (start -1 0.625) (end -1 -0.625) (layer F.Fab) (width 0.1))
    (fp_text user %R (at 0 0) (layer F.Fab)
      (effects (font (size 0.5 0.5) (thickness 0.08)))
    )
    (pad 1 smd roundrect (at -0.95 0) (size 1 1.45) (layers F.Cu F.Paste F.Mask) (roundrect_rratio 0.25)
      (net 6 "Net-(C4-Pad1)"))
    (pad 2 smd roundrect (at 0.95 0) (size 1 1.45) (layers F.Cu F.Paste F.Mask) (roundrect_rratio 0.25)
      (net 3 GND))
    (model ${KISYS3DMOD}/Capacitor_SMD.3dshapes/C_0805_2012Metric.wrl
      (at (xyz 0 0 0))
      (scale (xyz 1 1 1))
      (rotate (xyz 0 0 0))
    )
  )

  (module Capacitor_SMD:C_0805_2012Metric (layer F.Cu) (tedit 5F68FEEE) (tstamp 5FECF8E3)
    (at 115.143001 122.449001)
    (descr "Capacitor SMD 0805 (2012 Metric), square (rectangular) end terminal, IPC_7351 nominal, (Body size source: IPC-SM-782 page 76, https://www.pcb-3d.com/wordpress/wp-content/uploads/ipc-sm-782a_amendment_1_and_2.pdf, https://docs.google.com/spreadsheets/d/1BsfQQcO9C6DZCsRaXUlFlo91Tg2WpOkGARC1WS5S8t0/edit?usp=sharing), generated with kicad-footprint-generator")
    (tags capacitor)
    (path /610E53F5/6191A7D7)
    (attr smd)
    (fp_text reference C6 (at 0 -1.68) (layer F.SilkS)
      (effects (font (size 1 1) (thickness 0.15)))
    )
    (fp_text value 100n (at 0 1.68) (layer F.Fab)
      (effects (font (size 1 1) (thickness 0.15)))
    )
    (fp_line (start 1.7 0.98) (end -1.7 0.98) (layer F.CrtYd) (width 0.05))
    (fp_line (start 1.7 -0.98) (end 1.7 0.98) (layer F.CrtYd) (width 0.05))
    (fp_line (start -1.7 -0.98) (end 1.7 -0.98) (layer F.CrtYd) (width 0.05))
    (fp_line (start -1.7 0.98) (end -1.7 -0.98) (layer F.CrtYd) (width 0.05))
    (fp_line (start -0.261252 0.735) (end 0.261252 0.735) (layer F.SilkS) (width 0.12))
    (fp_line (start -0.261252 -0.735) (end 0.261252 -0.735) (layer F.SilkS) (width 0.12))
    (fp_line (start 1 0.625) (end -1 0.625) (layer F.Fab) (width 0.1))
    (fp_line (start 1 -0.625) (end 1 0.625) (layer F.Fab) (width 0.1))
    (fp_line (start -1 -0.625) (end 1 -0.625) (layer F.Fab) (width 0.1))
    (fp_line (start -1 0.625) (end -1 -0.625) (layer F.Fab) (width 0.1))
    (fp_text user %R (at 0 0) (layer F.Fab)
      (effects (font (size 0.5 0.5) (thickness 0.08)))
    )
    (pad 1 smd roundrect (at -0.95 0) (size 1 1.45) (layers F.Cu F.Paste F.Mask) (roundrect_rratio 0.25)
      (net 5 +3V3))
    (pad 2 smd roundrect (at 0.95 0) (size 1 1.45) (layers F.Cu F.Paste F.Mask) (roundrect_rratio 0.25)
      (net 3 GND))
    (model ${KISYS3DMOD}/Capacitor_SMD.3dshapes/C_0805_2012Metric.wrl
      (at (xyz 0 0 0))
      (scale (xyz 1 1 1))
      (rotate (xyz 0 0 0))
    )
  )

  (module Capacitor_SMD:C_0805_2012Metric (layer F.Cu) (tedit 5F68FEEE) (tstamp 5FECF8F4)
    (at 131.283001 112.899001)
    (descr "Capacitor SMD 0805 (2012 Metric), square (rectangular) end terminal, IPC_7351 nominal, (Body size source: IPC-SM-782 page 76, https://www.pcb-3d.com/wordpress/wp-content/uploads/ipc-sm-782a_amendment_1_and_2.pdf, https://docs.google.com/spreadsheets/d/1BsfQQcO9C6DZCsRaXUlFlo91Tg2WpOkGARC1WS5S8t0/edit?usp=sharing), generated with kicad-footprint-generator")
    (tags capacitor)
    (path /610E53F5/6191A7D1)
    (attr smd)
    (fp_text reference C7 (at 0 -1.68) (layer F.SilkS)
      (effects (font (size 1 1) (thickness 0.15)))
    )
    (fp_text value 1u (at 0 1.68) (layer F.Fab)
      (effects (font (size 1 1) (thickness 0.15)))
    )
    (fp_text user %R (at 0 0) (layer F.Fab)
      (effects (font (size 0.5 0.5) (thickness 0.08)))
    )
    (fp_line (start -1 0.625) (end -1 -0.625) (layer F.Fab) (width 0.1))
    (fp_line (start -1 -0.625) (end 1 -0.625) (layer F.Fab) (width 0.1))
    (fp_line (start 1 -0.625) (end 1 0.625) (layer F.Fab) (width 0.1))
    (fp_line (start 1 0.625) (end -1 0.625) (layer F.Fab) (width 0.1))
    (fp_line (start -0.261252 -0.735) (end 0.261252 -0.735) (layer F.SilkS) (width 0.12))
    (fp_line (start -0.261252 0.735) (end 0.261252 0.735) (layer F.SilkS) (width 0.12))
    (fp_line (start -1.7 0.98) (end -1.7 -0.98) (layer F.CrtYd) (width 0.05))
    (fp_line (start -1.7 -0.98) (end 1.7 -0.98) (layer F.CrtYd) (width 0.05))
    (fp_line (start 1.7 -0.98) (end 1.7 0.98) (layer F.CrtYd) (width 0.05))
    (fp_line (start 1.7 0.98) (end -1.7 0.98) (layer F.CrtYd) (width 0.05))
    (pad 2 smd roundrect (at 0.95 0) (size 1 1.45) (layers F.Cu F.Paste F.Mask) (roundrect_rratio 0.25)
      (net 3 GND))
    (pad 1 smd roundrect (at -0.95 0) (size 1 1.45) (layers F.Cu F.Paste F.Mask) (roundrect_rratio 0.25)
      (net 5 +3V3))
    (model ${KISYS3DMOD}/Capacitor_SMD.3dshapes/C_0805_2012Metric.wrl
      (at (xyz 0 0 0))
      (scale (xyz 1 1 1))
      (rotate (xyz 0 0 0))
    )
  )

  (module Diode_SMD:D_0805_2012Metric (layer F.Cu) (tedit 5F68FEF0) (tstamp 5FECF907)
    (at 22.7 149.1)
    (descr "Diode SMD 0805 (2012 Metric), square (rectangular) end terminal, IPC_7351 nominal, (Body size source: https://docs.google.com/spreadsheets/d/1BsfQQcO9C6DZCsRaXUlFlo91Tg2WpOkGARC1WS5S8t0/edit?usp=sharing), generated with kicad-footprint-generator")
    (tags diode)
    (path /6086B3F3/60C91688)
    (attr smd)
    (fp_text reference D1 (at 0 -1.65) (layer F.SilkS)
      (effects (font (size 1 1) (thickness 0.15)))
    )
    (fp_text value D_Small (at 0 1.65) (layer F.Fab) hide
      (effects (font (size 1 1) (thickness 0.15)))
    )
    (fp_line (start 1.68 0.95) (end -1.68 0.95) (layer F.CrtYd) (width 0.05))
    (fp_line (start 1.68 -0.95) (end 1.68 0.95) (layer F.CrtYd) (width 0.05))
    (fp_line (start -1.68 -0.95) (end 1.68 -0.95) (layer F.CrtYd) (width 0.05))
    (fp_line (start -1.68 0.95) (end -1.68 -0.95) (layer F.CrtYd) (width 0.05))
    (fp_line (start -1.685 0.96) (end 1 0.96) (layer F.SilkS) (width 0.12))
    (fp_line (start -1.685 -0.96) (end -1.685 0.96) (layer F.SilkS) (width 0.12))
    (fp_line (start 1 -0.96) (end -1.685 -0.96) (layer F.SilkS) (width 0.12))
    (fp_line (start 1 0.6) (end 1 -0.6) (layer F.Fab) (width 0.1))
    (fp_line (start -1 0.6) (end 1 0.6) (layer F.Fab) (width 0.1))
    (fp_line (start -1 -0.3) (end -1 0.6) (layer F.Fab) (width 0.1))
    (fp_line (start -0.7 -0.6) (end -1 -0.3) (layer F.Fab) (width 0.1))
    (fp_line (start 1 -0.6) (end -0.7 -0.6) (layer F.Fab) (width 0.1))
    (fp_text user %R (at 0 0) (layer F.Fab) hide
      (effects (font (size 0.5 0.5) (thickness 0.08)))
    )
    (pad 1 smd roundrect (at -0.9375 0) (size 0.975 1.4) (layers F.Cu F.Paste F.Mask) (roundrect_rratio 0.25)
      (net 7 "Net-(D1-Pad1)"))
